AEFES 24.16 24.16 24.18 24.34 23.68 24.06 -0.41 1067911 25701529 14:50:14
AFYON 4.04 4.03 4.04 4.17 4.00 4.07 0.25 6808017 27676167 14:48:09
AKBNK 4.96 4.95 4.96 5.04 4.94 4.98 -0.6 42512181 211760163 14:50:33
AKENR 1.48 1.49 1.50 1.51 1.46 1.48 0.68 4578449 6781238 14:48:51
AKSA 16.50 16.50 16.51 16.76 16.28 16.54 0.55 1901577 31457288 14:48:46
AKSEN 11.63 11.63 11.64 11.82 11.43 11.63 1.84 6492347 75483489 14:47:05
ALARK 9.84 9.82 9.83 10.00 9.81 9.89 -1.11 2384998 23566610 14:51:19
ALGYO 24.26 24.26 24.28 24.62 24.16 24.38 0 716433 17464284 14:43:40
ANELE 4.04 4.05 4.06 4.16 4.00 4.08 -0.25 1429134 5835635 14:50:54
ARCLK 33.96 33.94 33.96 34.32 33.68 33.94 -1.39 3581572 121542969 14:51:20
ASELS 15.05 15.04 15.05 15.16 15.03 15.09 -0.4 7523109 113502826 14:51:15
AYGAZ 14.30 14.30 14.32 14.50 14.05 14.29 1.42 966245 13809070 14:51:17
BAGFS 23.76 23.74 23.76 23.90 23.02 23.61 2.59 1446011 34142236 14:50:26
BANVT 61.55 61.50 61.65 62.20 61.10 61.77 -0.81 5682 350977 14:34:37
BERA 30.96 30.96 30.98 32.90 30.80 31.86 -2.33 1176612 37480570 14:48:40
BIMAS 65.75 65.90 65.95 66.25 65.45 65.85 0 1874085 123400929 14:50:39
BIZIM 14.06 14.04 14.06 14.20 14.01 14.10 -0.57 464796 6551434 14:44:16
BJKAS 10.18 10.18 0.00 10.18 9.45 9.99 9.94 13914842 139021587 14:51:19
BRISA 25.02 25.00 25.04 25.50 24.98 25.15 -1.73 525663 13218096 14:49:01
BRSAN 25.68 25.66 25.68 26.38 25.40 26.01 0.78 1050953 27334497 14:50:17
CCOLA 80.85 80.85 80.90 81.70 80.15 80.95 1.06 326282 26413658 14:50:02
CEMTS 14.90 14.90 14.91 15.09 14.85 14.96 -0.93 817617 12227730 14:49:44
CRFSA 47.02 46.88 46.96 47.58 46.10 46.77 -0.08 54845 2565227 14:50:05
DEVA 31.14 31.08 31.14 31.36 30.74 31.00 0.45 667960 20709981 14:51:00
DGKLB 2.48 2.47 2.48 2.53 2.43 2.48 1.64 20612344 51036211 14:48:03
DOAS 27.00 26.94 26.98 27.50 26.88 27.11 -0.07 872435 23653537 14:51:08
DOHOL 2.95 2.95 2.96 2.99 2.94 2.97 -0.34 37293182 110603535 14:50:01
ECILC 6.42 6.43 6.44 6.47 6.39 6.43 -0.16 3696895 23783096 14:51:15
EGEEN 1435.00 1435.00 1437.30 1464.00 1410.20 1437.08 -1.31 12339 17732046 14:45:09
EKGYO 1.83 1.83 1.84 1.86 1.83 1.84 -1.08 35750100 65832919 14:51:14
ENKAI 7.80 7.80 7.81 7.96 7.79 7.86 -1.39 3130388 24598531 14:51:12
ERBOS 82.05 82.05 82.15 84.15 77.30 81.81 4.99 817532 66884319 14:50:19
EREGL 19.72 19.72 19.73 19.79 18.94 19.47 4.01 66328574 1291436892 14:51:17
FENER 28.70 28.68 28.72 29.60 27.76 28.62 2.72 4720305 135106998 14:49:53
FROTO 171.00 171.00 171.10 174.50 169.40 170.99 -1.67 1071307 183190326 14:51:08
GARAN 7.34 7.33 7.34 7.41 7.30 7.35 -0.41 67918732 499353659 14:51:21
GLYHO 3.70 3.70 3.71 3.73 3.63 3.67 1.37 6119276 22501127 14:50:20
GOLTS 52.05 51.95 52.00 52.70 48.32 50.15 4.14 107692 5400013 14:47:39
GOODY 7.88 7.89 7.91 7.98 7.85 7.92 -0.13 2000240 15837567 14:50:51
GOZDE 7.02 7.01 7.02 7.21 6.95 7.05 -1.96 9023473 63621285 14:50:13
GSDHO 1.81 1.81 1.82 1.82 1.77 1.80 1.12 17660676 31713074 14:49:52
GSRAY 3.11 3.10 3.11 3.17 3.01 3.10 1.63 44875602 139136741 14:50:14
GUBRF 60.95 61.00 61.05 62.45 60.70 61.48 -1.38 1462983 89937889 14:50:29
HALKB 4.29 4.29 4.30 4.34 4.29 4.31 -0.92 11102446 47866512 14:51:20
HLGYO 3.29 3.29 3.30 3.32 3.27 3.30 -0.3 3977381 13110892 14:51:03
HURGZ 1.65 1.65 1.66 1.65 1.61 1.63 1.23 3015858 4911699 14:51:11
ICBCT 5.12 5.11 5.12 5.16 5.06 5.10 -0.78 181350 924980 14:47:50
IEYHO 1.09 1.08 1.09 1.10 1.02 1.07 3.81 9688335 10361108 14:49:15
IHLAS 0.62 0.61 0.62 0.63 0.61 0.62 -1.59 21809933 13516578 14:48:54
IHLGM 1.03 1.02 1.03 1.05 1.02 1.03 -0.96 16274563 16796105 14:51:20
IPEKE 12.94 12.91 12.92 13.01 12.78 12.92 0.78 7365884 95173598 14:51:09
ISCTR 4.94 4.94 4.95 5.03 4.93 4.98 -1 23915598 119020896 14:51:20
ISGYO 1.90 1.89 1.90 1.92 1.88 1.90 1.06 10357857 19666314 14:50:11
KARSN 3.58 3.57 3.58 3.61 3.47 3.56 3.17 43233284 154092315 14:50:12
KARTN 61.60 61.60 0.00 61.60 56.30 59.77 10 952346 56922020 14:51:12
KCHOL 18.85 18.83 18.84 19.24 18.81 19.01 -0.11 16780544 318900574 14:51:10
KLGYO 1.90 1.89 1.90 1.94 1.89 1.91 -0.52 6107573 11658685 14:51:02
KORDS 23.56 23.54 23.58 23.96 23.40 23.68 0.94 1526717 36143524 14:48:59
KOZAA 14.22 14.24 14.25 14.32 13.97 14.17 1.43 9735599 137946810 14:51:21
KOZAL 116.80 116.70 116.80 117.40 115.60 116.53 0.86 4234737 493467656 14:51:17
KRDMD 7.69 7.68 7.70 7.70 7.39 7.51 4.06 73710739 553866372 14:51:04
MAVI 45.50 45.50 45.52 46.20 44.08 45.08 3.32 975089 43953988 14:48:57
METRO 1.99 1.98 1.99 2.02 1.94 1.99 2.58 5689951 11301291 14:48:32
MGROS 36.48 36.46 36.48 36.90 36.32 36.51 -1.35 1342473 49010441 14:51:19
NETAS 24.84 24.88 24.90 25.50 24.86 25.21 -1.43 756639 19074206 14:49:52
NTHOL 5.81 5.80 5.81 5.91 5.80 5.85 0.35 6877054 40209799 14:51:03
ODAS 2.54 2.54 2.55 2.57 2.51 2.54 -0.78 6005659 15240016 14:51:00
OTKAR 353.00 352.90 353.00 357.50 350.00 352.62 1.29 255141 89967767 14:48:37
PETKM 6.90 6.90 6.91 6.93 6.81 6.87 1.47 94748557 650865265 14:51:21
PGSUS 78.15 78.10 78.15 81.00 77.45 78.89 -2.07 2862884 225835173 14:50:17
PRKME 5.73 5.71 5.73 6.49 5.71 5.96 -7.43 8290200 49419322 14:50:04
SAHOL 8.27 8.27 8.28 8.35 8.24 8.30 0.24 24069996 199674531 14:51:09
SASA 36.08 36.10 36.12 36.82 36.02 36.27 -1.2 5274113 191300964 14:50:17
SISE 7.65 7.65 7.66 7.77 7.64 7.72 -1.03 57265623 441762399 14:51:21
SKBNK 1.14 1.13 1.14 1.15 1.10 1.13 1.79 78236413 88093310 14:50:35
SNGYO 3.93 3.92 3.93 3.97 3.89 3.92 0.77 377764 1481342 14:21:46
TATGD 9.68 9.68 9.69 9.74 9.62 9.69 -0.31 584942 5668668 14:47:07
TAVHL 22.80 22.82 22.84 23.46 22.60 22.87 -1.72 5900469 134949622 14:51:11
TCELL 14.95 14.95 14.97 15.06 14.82 14.96 0.54 11469766 171655511 14:50:50
THYAO 12.66 12.66 12.67 13.09 12.62 12.80 -2.01 60152960 770036293 14:51:21
TKFEN 16.54 16.54 16.55 16.60 16.19 16.45 1.6 10792063 177557644 14:51:21
TKNSA 7.42 7.42 7.44 7.70 7.21 7.43 2.77 16449923 122213536 14:50:57
TLMAN 30.52 30.46 30.48 31.12 29.90 30.27 -1.99 307449 9306054 14:51:13
TMSN 21.58 21.52 21.56 22.28 21.52 21.81 -1.01 1942406 42371664 14:50:25
TOASO 29.66 29.64 29.68 29.86 29.32 29.62 0.34 1418652 42028368 14:51:04
TRCAS 3.79 3.78 3.79 4.06 3.74 3.82 -2.82 5031547 19239119 14:50:46
TSKB 1.26 1.25 1.26 1.29 1.25 1.27 -0.79 55386255 70377608 14:50:52
TTKOM 6.56 6.55 6.57 6.58 6.50 6.54 0 10542999 68964059 14:51:20
TTRAK 206.30 206.30 206.80 211.80 205.60 208.53 -1.24 181109 37758903 14:51:21
TUPRS 90.55 90.55 90.60 91.40 90.00 90.62 -0.33 2282927 206870994 14:51:15
ULKER 22.22 22.22 22.24 22.34 22.12 22.23 -0.18 553531 12304033 14:51:02
VAKBN 3.44 3.42 3.43 3.47 3.42 3.44 -0.58 24576444 84545837 14:47:54
VESTL 29.80 29.76 29.80 30.02 28.72 29.38 2.62 6291197 184838723 14:51:21
VKGYO 2.48 2.47 2.48 2.51 2.47 2.49 -0.8 3292261 8189177 14:48:18
YATAS 16.86 16.88 16.90 17.29 16.86 17.09 -0.71 614565 10498413 14:49:27
YKBNK 2.10 2.11 2.12 2.13 2.10 2.11 -0.94 87984752 185978423 14:51:20
ZOREN 2.09 2.08 2.09 2.10 2.04 2.06 2.96 25781942 53175138 14:50:52
